Iteration	Y	var_1	var_2	var_3	var_4	var_5
1.0	0.06471777	0.0	0.0	0.0	0.0	0.0
2.0	1.73198474	3.8	16.7	8.2	20.3	10.5
3.0	3.28965061	1.3	4.7	28.5	16.8	3.7
4.0	3.28139683	2.06	39.8	4.5	20.2	20.5
5.0	1.2058089	22.1	16.0	18.5	1.9	4.0
6.0	0.30807267	50.0	0.0	0.0	0.0	0.0
7.0	1.25969819	0.0	50.0	0.0	0.0	0.0
8.0	10.88522071	0.0	0.0	50.0	0.0	0.0
9.0	2.44986287	0.0	0.0	0.0	50.0	0.0
10.0	2.32462047	0.0	0.0	0.0	0.0	50.0
11.0	0.31932770184548465	26.5548736485225	22.63029211391723	8.862232815842875	13.863981466155112	3.2102393918316596
12.0	0.4161221960891305	26.059918486425918	20.344168064982238	9.404859692101763	14.342357723988139	2.562970008943107
13.0	0.3208264063421088	50.0	40.51767489537252	0.0	0.0	0.0
14.0	0.23124612527974286	27.579114890759897	22.11401986586798	0.0	0.0	0.0
15.0	0.24971669573408217	50.0	8.979429053941729	0.0	5.9972546142692895	35.02331369414419
16.0	0.33244639166353857	49.398898781569486	23.24674681879116	6.902325092783777	9.443355017701371	11.00865914225331
17.0	0.21026292341286984	29.4769712714659	0.0	0.0	0.0	18.16973625866337
18.0	0.5605246992695216	32.33753763727579	48.055471753372714	13.675424247044937	0.4825455672796696	5.44901813384475
19.0	0.10783209630021456	35.747662343353866	0.07336118484099763	1.1100799687172813	22.28332010592466	39.89265272633244
20.0	0.2244154996614726	47.09838527453422	0.02121628840759393	0.9840227498183418	25.59419236386305	5.72044161965094
21.0	0.2059527180900188	39.16413890045241	26.0486545303882	2.1149785257333575	28.143204550665814	0.01978465439571031
22.0	0.24836475303783537	43.95630924972061	35.62337289304557	0.5897623702777302	19.830554262183078	0.0
23.0	0.22280934250277692	46.82515945271097	0.022149041192143226	4.081171492009272	12.50100875116832	23.539677135495474
24.0	0.30607429024324767	39.110295551450456	39.40405824456599	0.0	0.0	21.485613712784353
25.0	0.09144996700582833	35.32922553198017	1.1904113094407198	2.384031756817606	44.470668756749944	12.345011715678755
26.0	0.16250951087689897	36.282287329905095	13.466589306882087	4.087054735728001	24.143438259145256	20.562624739492048
27.0	0.18981094945169355	43.19390045132895	8.09117129265603	0.08127019813854996	25.307114803482065	19.568207430008748
28.0	2.730957587987172	36.96610496579037	0.1663841456701176	13.873663135099257	44.458520303031065	3.655710895639208
29.0	6.730742594574978	5.979413548332624	2.8794758927569886	4.221779122264974	45.15038137356318	39.464587929173334
30.0	0.2408240780661011	37.41681165922678	12.919768565809909	5.831147931308545	2.4875487959099054	39.56873398741831
31.0	0.12410279458340476	30.740822801616492	0.0	0.0	30.75049641456625	9.054867826378395
32.0	0.16786863096531882	41.49230402045061	6.491962210573686	0.0	37.26901142884766	14.746720302314088
33.0	0.3069299066209966	50.0	0.0	0.0	0.0	50.0
34.0	0.19120578407173294	38.005400792379035	0.0	0.0	12.51942753718265	34.26509996953059
35.0	0.20404856046512995	35.61124564538549	24.564609774443944	7.835640479626461	9.232152548041505	22.756347011523715
36.0	0.1412184337038465	15.032701066003169	0.0	0.0	5.664765552055548	0.0
37.0	0.19999643490226157	35.285326789345234	22.7344831553235	0.0	17.07353179474876	7.07392540638092
38.0	0.13766269729636563	39.22312401942959	0.0	0.0	38.59694846034775	22.179927037351007
39.0	1.1832705677819397	22.356292494711337	50.0	0.0	27.643702983932492	0.0
40.0	0.12737214042973882	36.7763527767593	0.0	0.0	50.0	8.36653482365042
41.0	0.09918202149728783	34.094302769794965	0.0	0.0	43.13255596220069	12.539449279062401
42.0	0.22179370970453618	36.725793405725824	0.0	0.0	14.939903921669424	7.567083761311261
43.0	0.049026231865281385	9.707983584844044	0.0	0.0	0.0	12.45176576951376
44.0	0.3358953871161649	30.700659125642176	2.3855712277068064	11.329886167868231	19.776588065078833	31.908022920845404
45.0	0.1668195932283238	28.320998415518	43.834090310700056	0.0	0.0	0.0
46.0	0.6509771873942047	28.71497366639601	18.509595279722422	0.0	50.0	2.7754278633495466
47.0	0.13792427807924473	23.232194724627735	28.223723198218877	5.253113735296973	0.0	14.149078407571393
48.0	0.09517329693472698	6.693924508468896	13.966179453463225	0.0	0.0	0.0
49.0	0.08525571390740433	10.29719981592471	0.0	0.0	0.0	3.67271707075157
50.0	0.05437101712617308	17.330971330728456	32.89503159976775	4.98356717089106	0.0	0.0
51.0	0.1961300988843597	39.84428315989439	1.3527586251295132	3.2908203165568084	12.018276936020067	40.74081600143345
52.0	0.07104072858799684	18.798443648312826	0.0	4.421330458911616	0.0	26.31586714728299
53.0	0.10977603661446117	21.78219338123044	0.0	3.452876441603054	10.44217439727693	17.90948445662576
54.0	0.09325828285374742	20.361548029424874	9.918199662515635	3.242978250418727	0.0	22.62553316592862
55.0	0.3008834403392724	50.0	24.464230873074595	1.7718058249590938	0.0	23.763957978508948
56.0	0.1407966296843759	29.166661148965513	35.09613124365663	3.795486506660862	7.687614563367349	0.0
57.0	1.7170163949313046	12.945540832844404	27.330143239918918	19.53512212332961	0.25093458259727863	38.783977755917746
58.0	0.18061655199911894	40.5046216335401	1.1236219154078104	4.6276707839083135	23.80570179212169	29.938383875001332
59.0	0.19103865012335067	29.146024665363438	0.0	0.0	0.0	50.0
60.0	0.22676422794875745	50.0	0.0	0.0	13.62741868324206	12.016217407677338
61.0	0.24748943337945564	50.0	14.984347608636977	0.0	18.965655304056813	0.0
62.0	0.0682784787295262	11.967285375895006	3.689929594860979	5.597246378914535	0.0	13.371865827507273
63.0	0.23881455602102442	50.0	0.0	0.0	0.0	25.74662075593571
64.0	1.0886715405303793	21.77625458048624	50.0	4.134021448408618	0.0	24.089719299963946
65.0	0.26440304699730705	32.7380922521059	34.78429844629349	5.311562028616068	0.0	7.463722208998167
66.0	0.13694826634309862	15.757685712502111	28.724892585089	0.0	0.0	0.0
67.0	0.13807608712485664	3.6228379487307683	0.0	0.0	9.004374071464865	0.0
68.0	0.0648925723609025	10.54573757188681	21.99978515196355	6.075291692538132	0.0	0.0
69.0	0.18172558925589485	0.0	9.057871392454464	4.888514870188534	0.0	0.0
70.0	0.029706112389679955	15.327345220796174	17.78882767405806	4.862032931647868	0.0	8.484491292334802
71.0	0.27283675742171043	38.384073800224286	46.84375584498551	2.420132429265692	7.5558316455505645	2.5493920627959907
72.0	0.7377726558074018	23.784285324854388	21.917823608321513	2.238667587000187	0.2132114749490266	40.28616075919118
73.0	0.15012630533050203	28.029131557488835	0.0	4.881432792516598	0.0	37.038458950751384
74.0	1.3353237292815188	0.0	50.0	24.140955846972034	0.0	0.0
75.0	0.25621050755703656	12.583888479062427	27.046358020458253	8.609450011731422	0.0	7.909421785253108
76.0	0.0997481268517459	17.91471669112388	10.102125398281052	3.1545704602133213	0.0	11.594911830763998
77.0	0.1721837819257771	30.599739927182455	0.0	12.136287539622904	0.0	50.0
78.0	0.21494546714177964	33.7029987452102	9.836868497683184	4.625225071129581	9.78890780293966	23.37493437209125
79.0	0.6455397719351537	27.529568247450566	6.349774170618008	9.772560757635722	7.2582298685031	49.08986394858517
80.0	0.07382204622134768	21.90452602188437	17.41146695261033	7.46635713911613	0.0	18.4333920020927
81.0	0.1482577108890036	32.10178742695486	0.0	2.8079351405826016	23.147736723420895	18.72041259439027
82.0	0.15164105151621748	36.247961394345786	21.257122966455817	4.413048651727481	26.017197830987733	11.721015703362959
83.0	0.053799842301793986	20.297288292368837	0.0	0.0	22.24042860124098	0.0
84.0	0.3002935373851557	20.67659973146091	50.0	7.603235974950007	0.0	0.0
85.0	0.1390619035226066	34.30577285355177	33.28287295811317	4.190067435780087	15.566497084309644	12.65468875059216
86.0	0.05393563668398883	17.083533228361027	23.051795463252958	4.320025382775496	0.0	0.0
87.0	0.17566507375674573	31.889492460567023	7.462308687298281	0.0	27.85689959442299	0.0
88.0	0.11048844507101376	14.535026242024108	14.292784461875181	5.30112373631079	0.0	15.182904330585364
89.0	0.07791169721135331	15.123831998825674	0.0	3.380319194856916	0.0	17.31609212906691
90.0	0.07624033292939815	4.068816489315771	0.0	2.9678196699644785	0.0	8.711763316623177
91.0	0.2090263313722835	31.693005558512585	18.922912118333116	3.442902967421597	0.0	24.536231890286814
92.0	0.1659332844221431	23.84428706381343	6.793489230959059	8.476274995369991	0.0	26.008221891963668
93.0	0.3397203120628478	50.0	8.445257993384944	10.748115067284774	0.0	30.806565140570495
94.0	0.010311968157809544	10.446870440769068	13.362873111001141	3.738761183106192	0.0	0.0
95.0	0.07727388982706643	21.585097458561666	0.0	0.0	18.543017940848934	6.3995171951753385
96.0	0.823235948810468	24.314472595545894	44.28726225814786	13.403244558025893	17.994816959485696	0.0
97.0	0.02833833249076908	10.400890685750687	11.93389311098418	4.275836382313813	0.0	4.606190723695442
98.0	0.03092925977986832	13.204275346214963	16.151230520270314	3.3693754456289606	5.018499081640948	0.0
99.0	0.14770579634795897	19.497071398360035	30.116704305546193	3.8621127658247176	7.895191563053188	0.0
100.0	0.21831097373645716	30.42829914587344	2.261657341179352	0.07651776109662833	47.63089177046525	15.204499510339586
101.0	0.021353025834266914	8.656427757740381	7.438839094003172	2.7815059957537	3.9066810646403045	0.0
102.0	0.04058585462972156	15.850760650736277	5.45328764535678	0.0	14.877941594124206	0.0
103.0	0.01906253725248465	12.924397336474522	0.0	1.680727951782569	15.10129159071947	0.0
104.0	0.03371588148752339	11.77720692741395	0.0	3.318813206009254	8.545822456991955	7.126837371616162
105.0	0.05188705032806422	21.642728036514317	19.947516899618535	5.307882021805473	5.228646365403586	10.721918543638902
106.0	0.017719557470225973	12.014501071461416	5.199457677954913	3.2542223228096687	10.510694150483022	0.0
107.0	0.21368245273706993	50.0	12.50101057943829	1.2688382597937697	23.057626613924697	13.172480191664912
108.0	0.2854871962626751	42.11508617131275	2.40638844729937	9.905440057367775	0.0	45.57304110259552
109.0	0.013677290815519721	13.339183477595915	8.103364628794555	3.7175860634543096	6.900601994763407	4.349747803417981
110.0	0.05015185144678558	15.510911494676467	2.578714204298209	2.885456133749917	13.162341263608456	3.6511987755299065
111.0	0.288393076136733	50.0	16.81878078155359	0.0	0.0	0.0
112.0	0.08987147086373798	33.71814993147178	26.01285109651655	0.0	31.580961687695158	8.688018827631437
113.0	0.06159409200590019	30.19310414803167	28.42400737239688	0.0	24.770678127321325	0.0
114.0	0.11839619860335511	34.07354206202758	32.87112531379072	2.9476692805735483	23.703215888916688	6.404426124534561
115.0	0.062338995704094645	29.652579189956118	20.471360867544636	0.0	29.381004829695804	2.365994243313858
116.0	0.04343545514671255	5.881187027775063	0.0	3.9681691461092603	4.507274086467141	0.0
117.0	0.020293108029662065	13.126541109882847	10.020034321977905	2.5372384609961163	6.60691375371561	0.0
118.0	0.06254602105825821	27.571462559592504	10.169104343057077	0.0	24.652701776475904	7.3321113806981115
119.0	0.05390933741958215	24.933049604870998	18.478115781909693	0.0	20.943622948474477	0.0
120.0	0.11725574477093313	22.83032736337495	0.0	0.0	0.0	28.144251231382803
121.0	0.20983130465256034	26.9853759965181	23.75135773198391	2.0104784549829344	21.708239508891854	7.6314352751112935
122.0	0.18222836843485998	47.050713542513925	0.0	0.0	19.29738933734032	33.6518964401643
123.0	0.1277479658771796	21.00454204511452	8.98987234556333	0.0	25.407032993735875	0.0
124.0	0.09582205259596745	35.492048012843576	7.501092272797798	0.0	45.98181958006428	11.025038197820114
125.0	0.1777385653759632	39.316025668967946	20.42594229172969	0.0	32.62483308085327	7.633081362801289
126.0	0.10680244978191462	25.495230437663047	10.47494608531655	0.0	18.73131253323561	0.0
127.0	0.012722497825035229	14.725600573194145	14.396995781186693	5.128123639777761	3.352558794356158	5.1321464507772125
128.0	0.06757371828832379	26.00667806241769	0.0	4.589299362189217	10.975623492242802	29.828158827868624
129.0	0.25990721358369046	28.006410051455983	35.229002985211686	10.375990460970957	8.958963407360654	16.13848732603394
130.0	0.17952652253710455	37.790634699069166	8.695189773449902	2.2240879546326364	15.780910526669595	34.601937975866996
131.0	0.25734565267970677	50.0	7.142421337553806	0.0	0.0	12.997036591238933
132.0	0.027368791004116926	13.183940386673001	16.39032581230951	3.3563513167897745	0.0	2.136466497921557
133.0	0.09468034252269061	33.0560451078726	10.300902447513078	2.925058958786347	37.384946767377905	14.694161353727903
134.0	0.09680709882133227	31.265692578704464	30.442857403701275	3.9977854750148696	30.664629499969983	3.3686472443603406
135.0	0.2241933121204229	47.690903909670865	10.079731033405976	1.2515409396410937	11.644698320532171	26.933500388768124
136.0	0.04142332432218845	10.335105680344697	3.588647891544577	3.799111930700926	3.9014945018942	6.084087485548027
137.0	0.2760466858360892	47.31916614380785	33.558708207389095	0.8148499952666503	9.71186722072133	8.595396582453146
138.0	0.09325298141278629	12.37132838201066	4.588818748488902	7.361927416606104	8.750975874961442	9.59387747367075
139.0	0.1718437836298489	50.0	0.2602478435482467	0.0	47.50928664276713	2.2304612521947664
140.0	0.18283222875594604	48.39359003832752	0.7360435524234266	0.6373493658936746	33.3470038215369	12.491213723003197
141.0	0.02158531095605001	10.105469657115867	11.682199675280224	4.698735703546668	4.390821628358825	0.0
142.0	0.1081250744311775	34.347483664807555	31.29938716207335	0.0	34.3531220272935	0.0
143.0	0.10613675414723461	16.430146195771343	8.331147643436715	3.249088048925408	6.703666572223577	15.421405264126625
144.0	0.10711073377887673	26.344749101079337	22.721967734462368	0.0	13.239765949924815	0.0
145.0	0.05181979879873191	16.107715156797116	12.91246716065558	3.898709288644062	7.831612839951762	5.516510659789783
146.0	0.38702656662315166	28.65148367371734	7.9558381208435645	3.699432326034998	25.068816146512663	29.235371431406
147.0	0.10207294500562308	9.40956853474739	0.0	4.142281482359729	0.0	20.5466425237849
148.0	0.775707007252546	18.333417729400256	2.1949973065796304	24.472159088745176	0.6417033162800555	49.71368995255358
149.0	0.25513351130727374	38.44088386368214	27.553323711524733	0.49710651780410053	6.446026081336811	25.189397593346747
150.0	0.20746037094015063	17.877373604544715	0.0	10.544883525792013	0.0	38.35320841376031
151.0	0.019429497614078927	4.5919110388189575	0.0	0.28543892278664224	0.0	0.0
152.0	0.13835519855516515	17.44934128879399	1.5282372260379362	10.748942740962756	6.7702814011159	26.7445582726409
153.0	0.1072611667895102	23.25588306677731	21.938065624384343	3.237761672387718	1.023683242868339	10.300700067343662
154.0	0.13958696918955116	31.6441487196723	11.706697324539084	1.3097370735599634	26.93874300549095	7.73955397727179
155.0	0.29064224401454775	28.270018001631637	25.75916762499091	0.0	31.619312009423687	0.0
156.0	0.029402215374861145	11.842265456765862	0.0	0.0	12.366734971507492	0.0
157.0	0.0871337242405701	14.025331164360935	0.0	0.0	20.485240588022574	0.0
158.0	1.151693657106161	32.7957730225089	0.0	22.8918467516247	0.0	44.312339852050634
159.0	0.07862088285939323	18.192925409228888	18.685031413343562	7.320178495867233	1.9559406095778034	9.72937892629239
160.0	0.11976176703459183	30.763597847433964	21.301018994778612	0.0	23.37493494004712	0.0
161.0	0.14419020233765198	36.22322915567011	36.53417679049667	0.20606941167622064	27.036471433622655	0.0
162.0	0.2486303721767534	50.0	0.0	0.0	20.12031446890413	0.0
163.0	0.15149673634758126	23.41768310341475	19.15003952363245	5.387635229448377	5.1461419970492	19.58995215968272
164.0	0.14516191699323905	31.685152009513196	32.07255445923947	0.0	17.353024910338657	0.0
165.0	0.025539291111715486	11.228833672432765	0.0	4.515148518407569	5.076074860052478	14.683867981956164
166.0	0.2972068257552892	43.66457027522193	15.077993796066023	0.0	0.0	41.25741712012569
167.0	0.09916939958137967	23.41220049066169	34.28072643598623	4.22414609652552	0.0	0.0
168.0	0.09889955828969636	18.01193147414666	0.0	4.905519099026295	7.030646256981608	25.29811192624179
169.0	0.12577840642003502	36.57567016290289	3.674575006132724	2.7998221502537013	38.30578908421359	18.64410742070006
170.0	0.08072682520019128	27.607758713506335	13.719993090034261	0.0	29.54598513559148	4.958143453760749
171.0	0.03476012178049522	13.154021847609208	12.437348536893037	3.450945042647909	3.2226453062983986	5.234054158618506
172.0	0.1463378344757786	33.049681708599216	37.54023936516891	6.628728057969444	3.3338746514008895	19.44743524417774
173.0	0.14165472715251243	31.357651617707496	27.447778573571828	5.511981943406186	7.307216320801437	13.192583411049888
174.0	0.26364424815041626	37.06690311703788	0.0	3.862791256470617	0.0	50.0
175.0	0.3106708071209557	41.56551541742613	32.98950211824573	6.52466709315796	0.27932366392043445	18.6409656077072
176.0	0.5138472897251171	22.200921423158366	0.0	8.808893640361294	0.0	50.0
177.0	0.1817627222673021	11.333625070352527	0.0	12.59104055316124	0.0	28.2339071970192
178.0	0.15991210812269194	31.82073101751969	0.0	0.0	15.056664589110659	21.9961397802519
179.0	3.459456098315687	0.0	0.0	36.97204799991374	0.0	50.0
180.0	0.28325973950712535	21.71405761295273	40.73408492896881	4.484598866611705	0.0	5.647229455387556
181.0	0.1380932538875789	16.185453787236575	5.436578497018214	8.0664981095106	0.0	29.525584511238723
182.0	0.34155002499633247	46.122152206330895	50.0	0.0	0.0	3.877820101875136
183.0	0.20957500737805	50.0	0.0	0.0	34.75190730446184	0.0
184.0	0.1332687765007469	31.123421831983457	31.155251528733086	8.663766041841583	0.0	29.05752635548242
185.0	0.09652803451103614	32.09943836067783	0.0	4.368898340186551	16.858301667963143	35.773578277784225
186.0	0.03994475511556129	19.08126455083753	19.30797642902032	4.049204180540485	5.571941444269516	3.4202567734957916
187.0	0.16303238686737176	28.164551635311877	0.0	0.0	23.595965944338975	4.5288031960822535
188.0	0.10393162458976316	12.35842824819924	8.218449223127948	4.87742742127061	5.38324395298646	1.18024688915189
189.0	0.016345158557551497	12.355674944969838	16.35810382177151	6.056873094328512	0.0	4.837991506963596
190.0	0.08098022949928074	11.029617865870218	7.9993898622882735	1.6940374711697777	9.14278425756354	0.0
191.0	0.04074406272458323	14.697305421557994	5.4632504074031765	2.490996743224299	7.58462801630924	7.27287239069583
192.0	0.0018713046836310843	6.112554469254404	0.0	1.2361275165494525	5.122545593716632	0.0
193.0	0.03963909173174812	7.896749971317596	0.0	3.399372433895893	10.520051015548965	0.0
194.0	0.23427436791429962	50.0	19.038248744769323	0.0	14.613952578915757	16.347773540971648
195.0	0.1163801336445599	21.794670081810832	0.0	2.6189435828850574	24.108700152219555	14.167590438221714
196.0	0.052042174823045066	25.34422389049918	5.9806782566000765	2.8269022136267545	19.239172311430558	15.05133836791502
197.0	1.296279158297637	50.0	33.44478229097499	16.55517750417371	0.0	0.0
198.0	0.0783460778111579	27.491714746912475	4.120880173125185	0.0	24.75841719641	13.26974700281812
199.0	0.37877101268940894	16.434977883073355	38.070922243267276	12.98354823718932	0.0	0.0
200.0	0.11512647921528978	26.100930505884296	13.248489851064866	3.247215195640464	8.801353125573423	12.45487817668704
201.0	0.019647691311642956	6.55198525583154	0.0	2.407690047773153	4.969480030279541	5.391930008990399
202.0	0.6442988862466661	27.869773755492904	18.572877458430543	6.887939560725069	32.0239376483632	14.645440278777942
203.0	0.051540734613227245	23.979363939544957	0.0	5.164304454925251	17.088542262022017	24.266082235496953
204.0	0.05547331108920445	31.014004695433165	6.928272187140005	0.0	37.102204635960554	8.055153035637131
205.0	0.009014816165468764	23.511988742284498	0.0	0.0	35.75042811417031	0.0
206.0	0.2642952858739967	50.0	8.718678925406227	0.0	8.808823478025298	2.203486752731507
207.0	0.024559623411615834	26.581107392895646	0.0	0.0	42.370482880918274	0.0
208.0	0.0738949763110127	27.838284627774506	0.0	0.0	37.544128409656835	0.0
209.0	0.12472933941127178	24.187178820094744	0.0	0.0	40.50077647020323	3.4153865616757972
210.0	0.29877869408916263	36.37083205480603	50.0	0.0	0.0	0.0
211.0	0.09891769801215898	25.840301405365942	0.0	0.0	50.0	0.0
212.0	0.05421974339012136	23.825327751226745	5.00894523302641	5.940863286759834	13.722763205179124	22.672559615576716
213.0	0.021665767103776178	9.070349809938135	0.0	3.2125002448898425	3.4483810246087865	10.49875062289958
214.0	0.08608698822714227	15.341930443495178	0.0	5.836723153468112	13.95411711169869	17.255908104813816
215.0	0.08305087910858443	29.805540086949172	2.414021544076757	5.014058375504169	16.54617826499105	27.123688675749975
216.0	0.04492191675863288	6.651843566563681	9.254272247033397	2.043292318844472	0.0	0.0
217.0	0.537296551528277	31.945658252951684	23.41560243171849	15.524801852248824	0.0	29.113916987352415
218.0	0.10324048249474738	9.192218515741816	4.422088310284975	4.221184363876385	6.268386346908261	8.817341926698392
219.0	0.09066108567890797	18.817028051819136	8.190991753384084	7.641637639148662	6.956563896003974	17.465214683710947
220.0	0.12391280271677198	25.52124289574565	4.3368871292787095	0.0	40.58966093783017	0.0
221.0	2.668026504557044	0.0	49.20430838891508	24.53885134382278	26.25682550020059	0.0
222.0	0.06185617981215938	8.636773558480652	14.27006444658784	3.9182445646979818	1.4380955836050868	0.0
223.0	0.7918282615385017	0.0	30.504001502683334	10.970810993605886	0.0	0.0
224.0	0.11914692869124965	15.611019552750255	19.23110870943401	7.35501938900881	7.068677454190926	0.0
225.0	0.24748218947461695	42.53617879508308	0.0	0.0	0.0	13.744342131500815
226.0	0.192226337541344	29.460702271859855	31.282799216034526	3.501772863851819	0.0	23.86305123760739
227.0	0.1597380701912486	42.609328972815	0.3609267570724828	0.32689183280144585	41.77537269388844	14.598301882600605
228.0	0.16979375826123563	40.65057191205703	14.015686212561679	0.0	45.333690846058694	0.0
229.0	0.22758660581324772	37.07535048568867	3.4198257042596207	0.0	0.0	28.72135192073633
230.0	4.085092129525325	0.0	50.0	0.0	0.0	50.0
231.0	0.04022139231398831	12.057618329531854	11.868562025672173	0.0	0.0	0.0
232.0	0.26609936569856224	50.0	0.0	5.384786854093683	0.0	38.88380062679309
233.0	0.16935950658594395	29.52475762551511	6.089218770008148	0.0	0.0	39.570182103842164
234.0	0.13618093514427604	37.969376780119894	0.3822965289419	0.8284079054947435	30.9492308295515	29.342148650720418
235.0	0.18743965169373633	38.24798288203874	20.325671395780617	2.0346850350540504	17.92901327658852	21.462640006539775
236.0	0.09467905684358616	33.394307561548764	28.350568006192923	2.878382757650555	31.16578929578194	3.170210234651388
237.0	0.2815988108920435	50.0	39.358059238603765	0.0	10.641917784884733	0.0
238.0	0.28394912390316956	39.54792448787367	7.559057553022103	0.0	0.0	0.0
239.0	0.28664217712685475	49.85952580770262	14.634552545237923	5.267727813568806	0.0	30.238193420236325
240.0	0.01574940808879171	33.363570995118884	34.55441991877798	4.8506779016441515	27.23128584817453	0.0
241.0	0.10091728599224609	34.54462642179034	14.664264441106452	0.0	32.43001455487056	14.594139537240835
242.0	0.08504099538789103	34.09868935638975	13.221702430931785	0.0	37.81809971129657	7.975899964458461
243.0	0.3101632140039145	41.1436633299556	37.97279411372103	6.203047898807509	14.680479062350635	0.0
244.0	0.18914732141393345	50.0	1.4665937566599878	1.3994610588306144	24.793128462311543	22.34079450953777
245.0	0.14993568867341403	31.082293957770545	9.025909215929536	0.0	17.824057739419437	13.765943132783429
246.0	0.40439889803148854	50.0	0.0	7.515857376632508	0.0	16.341885603124116
247.0	0.2569595322299299	38.786834526643226	14.807389419706645	0.0	0.0	10.409990681163176
248.0	0.06161339740403141	24.472681842606683	23.83758014673062	4.11373962507984	7.730299550727354	6.290530926900276
249.0	0.07227889759182764	20.52444414138231	0.0	0.0	31.1488190956327	0.0
250.0	0.26641233796895386	50.0	26.129985420700432	0.0	12.326120226178457	0.0
251.0	0.13678396062165815	29.306945422839203	0.0	0.0	8.829215782462661	40.46702365729959
252.0	0.24642100783252807	35.584974846624704	27.848354099613804	2.5138899725635486	0.06723970891951425	33.66087017900769
253.0	0.05994867183406677	18.514885412729843	14.422118275932931	2.1426364923590646	8.095003645767735	0.0
254.0	0.026269659151734823	20.148456176072933	4.9661140002908715	4.768531195939313	15.113236257329826	14.485089851044464
255.0	0.015118886322818595	22.54607613462739	1.6657717816507802	5.316267925965894	17.549795335136498	17.360488417631252
256.0	0.3367306895457147	26.94323093491737	38.409820880087466	12.70216637635872	0.0	21.944760848493775
257.0	0.13066532334806052	34.911734957833964	0.0	0.0	15.088245049156454	50.0
258.0	0.0776046991146215	22.554819092406888	1.487235675122456	2.623606104335869	17.701019675071347	16.824518790735514
259.0	0.05888960677862381	21.280902789565257	3.808696670678766	7.498430385758811	16.973629155204602	18.407019567668073
260.0	0.2901605857502381	37.320502607070786	36.134009870629534	0.0	0.0	0.0
261.0	0.1048282645584157	24.272302087035946	0.0	7.316281381112079	14.195648838046747	22.536236754619235
262.0	0.05105538967384832	22.06798066089089	2.6373362679051824	4.589334097247426	19.041091181949454	11.699528213921614
263.0	0.029045863533600925	15.416228872101525	6.233985471970629	3.047225124506677	14.020806539383607	0.0
264.0	0.10899526036373892	26.871603370347962	6.16173825770302	2.877567107696234	5.778469806661594	30.736185601966195
265.0	0.09908859815255269	27.778195942917304	0.0	5.174254782226609	29.875646942455536	20.921784571787793
266.0	0.05028230252984421	26.48720482022362	26.049671531752658	8.965497507806088	0.0	20.462291556074998
267.0	0.06351335016117601	31.096232865638456	6.103089981225352	0.7082656328717382	33.34822937079123	13.74241760502743
268.0	0.06240805150456346	17.18898259273179	0.0	0.0	15.633193240954409	0.0
269.0	0.04739075748091796	22.943935082286664	5.235586890734203	0.0	21.173366432055488	5.1357566789113465
270.0	0.025998453003050957	14.315080069026692	14.64311986008341	5.559720493014451	0.0	6.707909072310453
271.0	0.0184598657514449	29.972840424454127	32.28200175958037	3.9619582488842138	23.628325053201113	0.0
272.0	0.21618983427903096	23.43725946796025	23.73988855196892	8.086279636014387	0.0	24.632739206074298
273.0	0.2183859864480848	27.72479611636193	22.4242180493731	7.7557246625108895	0.0	15.943956812810459
274.0	0.18013987446545462	27.613511338302065	9.578329404489912	0.0	0.0	19.870926307203586
275.0	0.10688439784623643	29.84141725286874	30.628510541940514	9.321098870229422	0.0	21.519902819758936
276.0	0.020608692659734987	5.310821991747734	0.0	1.2976266159483523	2.60464530327353	2.184844218825592
277.0	0.08517671513540438	12.75777804661421	0.0	7.899405152344787	5.395999706237349	18.75805350433811
278.0	0.20808600665610408	30.933115172994235	31.53482273303772	6.164895032166732	8.149005121670058	23.218140981913955
279.0	0.1491732881376829	21.94267165942305	0.0	0.0	0.0	36.99048635498831
280.0	0.04884606616785195	32.46246951515794	0.0	6.764316662574658	28.474486337722684	32.29872569924808
281.0	0.10965308295213903	30.317817907097684	0.0	4.96785595152935	24.56648565158747	28.872491386421448
282.0	0.2490801619735524	37.83987580004593	32.937101760757365	5.7311491398949315	10.035855273329162	13.455978585968287
283.0	0.01633208563011686	12.50142141398012	12.923406648045056	3.193173140369801	3.5997557949211534	0.0
284.0	0.5431825241728054	28.143606009042784	0.0	8.852179467450632	19.337548359305803	43.66665347174551
285.0	0.2907295826370727	50.0	25.949116108774394	0.0	0.0	9.941201480133387
286.0	0.23564625531866257	34.10706436250646	50.0	3.0868076753546023	0.0	12.806112207398625
287.0	0.1369826370540467	31.011587219409765	38.88428573750505	1.3780253465181749	8.418596727526277	10.14483921552152
288.0	0.08968867162980969	26.230411232948562	29.107409069715214	3.009957514126718	19.082707662867957	0.0
289.0	0.24245341964139822	8.59189941419174	0.0	7.211930534468901	21.742220591866786	0.0
290.0	0.22491634233439953	32.70665337097004	11.982059282468926	2.4332493366642893	0.5649201687367877	49.07771595214061
291.0	0.03901564135192749	32.519682984490856	32.13164752941234	3.1460318879668416	26.644600368176	0.0
292.0	0.12658816129588646	27.91705407150611	30.19098987097324	0.0	6.956309817608749	6.706634464657242
293.0	0.06748546571340733	30.91676491823944	39.48886614332796	5.449198579998976	22.6156688137456	1.5294895509603763
294.0	0.24897345425240583	30.4745079570335	37.014485671578264	5.763257596285651	26.747744818902643	0.0
295.0	0.47342766307403217	29.101154719239144	45.40038669011273	2.400953902736239	16.647528396201587	6.449849907204342
296.0	4.617859691981319	0.0	50.0	0.0	50.0	0.0
297.0	0.14412562377349947	33.94894562868638	35.75451079841536	6.714418925080788	22.040183474079953	1.541886936138736
298.0	0.051553686023901396	29.930327818483498	38.884116311016285	3.453437117744287	18.359152546926673	0.0
299.0	0.18564817599702854	27.749148779286546	33.75381887152859	4.380268703292944	13.076509581466418	7.131829822893072
300.0	0.2881960603525379	50.0	11.127177347851521	7.125976034619287	13.57991537867285	18.16692350841481
301.0	0.24962618548125706	34.51707711978514	40.736985768042864	0.0	0.0	10.629619785719774
302.0	0.24250119794798428	42.08195256307866	13.180021324026397	0.0	10.332052531514437	10.001553129601048
303.0	0.14211060273143103	29.380637605456286	0.0	0.0	6.342172497131473	32.19703449083503
304.0	0.018615709110310755	13.289920848363302	3.0046282853553485	1.8359413212431608	11.747436671839113	0.0
305.0	0.16471709111085736	0.0	0.0	5.651325044293781	6.714266711199066	0.0
306.0	0.18785201751397695	35.98257883727976	14.332536602214601	0.0	9.431849815722831	40.253019395865934
307.0	0.2286354498910792	50.0	0.0	7.4012705643285095	11.413230268433917	31.185493313799686
308.0	0.033089621381326456	24.889242089593356	0.6907122774840407	5.987266867556782	21.991801826894644	19.241398369824708
309.0	0.014732960867060644	7.33907353741597	2.2541449277203203	0.0	2.894383825991896	0.0
310.0	0.06338034946751629	14.128594817041014	0.0	5.907941244586143	17.091889937461076	8.927516771467362
311.0	1.927676508333308	4.610050653650916	47.63971988766176	27.41944632941317	0.5777474341644439	19.753029724953247
312.0	0.13797735335423178	35.693381951979646	5.60267912019744	0.0	14.966100358548887	43.73781985434393
313.0	0.13072932338902044	26.276242986012857	18.93419187058852	0.0	7.780187432263624	7.3077447320097235
314.0	0.06534780936314519	23.975183164483397	5.651721659249245	4.660896146968543	13.709221189553205	16.206591409259918
315.0	0.06093930499998909	29.911367095922756	31.578448154281848	2.501050120500528	22.12481251266022	0.0
316.0	0.1319358281626158	33.231292513068006	0.0	0.0	50.0	0.0
317.0	0.05015210121722111	26.866819250793714	3.799236656492391	3.6264747663847037	28.028298658229616	13.015047242612521
318.0	0.18210102490326616	37.25240127361762	28.339639453665654	0.0	17.818618747089243	16.589322360781612
319.0	0.02622256809094422	16.0617068646761	6.377584427150016	6.914812633225101	0.0	20.634518170080156
320.0	0.20299257468453613	50.0	0.0	0.0	25.210906957823358	11.500466413773141
321.0	0.03420593105413429	32.801391126218746	1.472480652714414	3.5916405855555333	43.74514704407515	17.435448577389966
322.0	0.18053592690174305	34.5738698606345	39.54334933967558	0.0	11.355287466846525	0.0
323.0	0.05738645291206318	11.586500833056204	3.697723892225379	4.288683407175817	14.776738127461636	0.0
324.0	0.14821341579511535	16.98203275684696	11.160998254294027	9.939885254468713	0.0	20.916362945693702
325.0	0.06665059144367476	34.36150055847632	0.3295661785829634	0.5401221904883683	47.313214993740665	17.455586704712342
326.0	0.022452671650600883	17.79912925607373	0.0	8.805550957972782	0.0	30.53226488739928
327.0	0.018888096697474023	20.779032714770214	0.0	6.640886105194106	3.5725083763650147	32.11058212600127
328.0	0.19585206848229372	45.84183181386693	11.09043012981401	0.8453101425441978	38.526510963605546	2.0477517774293075
329.0	0.029678365601280374	26.07672872769905	3.677393763504437	5.036231367703348	19.423219156467884	20.252287274459267
330.0	0.2789622139912715	50.0	15.937845360100948	4.941070233196313	3.1666650838301025	18.500119813550338
331.0	0.06307055950881689	16.693027998876246	0.0	5.157857328123773	13.198336190255715	12.461085977580035
332.0	0.09237172457654316	15.986369579603668	0.0	7.7548942498626765	2.1596947057829134	30.713794949666358
333.0	0.056729584238392555	21.372687483893017	0.0	6.3116983409349094	0.0	32.22090260738216
334.0	0.1449684209012107	21.358747507826166	0.0	9.617874589221046	3.72890244157601	31.94207327293274
335.0	0.11991261022176695	22.304076666012108	0.0	3.9063116691732716	5.865556159477932	32.567617792230216
336.0	0.22430582180073133	38.94225408620485	0.0	0.0	7.424960411219952	19.476391370193195
337.0	0.10374385390924926	29.118960839825185	28.581681090291617	4.420648566139696	24.685926720946394	0.0
338.0	0.19708369460231995	50.0	10.891585225448884	0.0	35.55346427319981	3.554925522704547
339.0	0.05910127972152787	20.93030281781884	3.201675313087838	6.309660551684107	4.520211565365751	26.588205938110615
340.0	0.024023295400527157	14.152107752469202	7.137635036335123	3.894423261682998	10.686499719670556	4.356189582120252
341.0	0.11201897103485337	31.54984492667924	32.84065586196545	4.579714892139003	26.8700864599761	4.159696607249013
342.0	0.030408988292935323	20.77626907124875	27.435547159207832	7.174693132454149	3.1491645693260404	4.827772548768571
343.0	0.3338962420279017	48.778979500201544	21.533923021051127	5.78622778564879	22.792608971160682	0.018803918980853096
344.0	0.10845031380168604	16.768991418837246	28.223808030387914	7.710653026251629	0.0	0.0
345.0	0.15152353005772676	15.055189987847497	1.5935064308098736	8.775412583520497	0.0	24.166479227470003
346.0	0.03815784819421615	16.050384956115774	6.947256921940448	4.498309209129602	0.0	17.880043468437286
347.0	0.021399529973430437	9.197867919193454	0.0	1.35961506832215	6.023026013607408	2.9980913766208417
348.0	0.05858580267773752	22.80066282886998	27.357362772759537	8.12829702740983	5.7020133026358755	10.050172864460945
349.0	0.07048453758180225	31.54537259728479	20.133111405378973	0.0	27.575108713990282	7.861147598593389
350.0	0.18937192156349347	41.26530110085676	6.40304977016484	0.0	31.67256749817079	6.588904862499301
351.0	0.2651775296215822	39.79709742784955	20.75496060492029	0.0	6.07240427221678	0.0
352.0	0.16584297482417823	33.64012430655386	2.5698065973534083	7.772389514089435	31.32036106135178	24.697308881647213
353.0	0.4806454164852276	0.0	0.0	9.433943874291854	0.0	18.65505100347826
354.0	0.041591006831422805	16.45392354384022	22.37209075331739	5.133066882561759	0.0	4.89296722836844
355.0	0.04183883760544532	20.003329089502337	24.693744637644883	5.315249848046858	4.662546621782228	6.361902204157093
356.0	0.13477532407705436	27.084997346506917	22.181069723736154	0.0	25.103547221259923	2.408852440309953
357.0	0.08656912906805253	29.54523182146518	20.14331425224501	3.6964902403227122	14.500229742138979	15.572503530681711
358.0	0.13674084902361405	32.83588017849972	15.528449412935768	0.0	32.75377585165123	0.0
359.0	0.07053353761295295	22.552922949895297	12.875799440396584	4.639200174264312	14.54155270102533	12.66952093050173
360.0	0.2202621750742942	22.748485338386427	27.79740527644747	11.947427562903956	0.0	17.104589500271526
361.0	0.18337656396940327	30.084006734095148	0.0	0.0	0.0	41.495840682412066
362.0	0.18566958407308543	38.99633836459185	20.11642106809483	4.8290090118574705e-05	25.759051461004944	15.128115623999587
363.0	0.011047568925022427	16.354028677248632	3.1086309579421187	5.979145219364144	8.561859269821689	17.355483777757954
364.0	0.04831016386363991	26.68905874125125	4.97693293870734	0.0	29.77447753252982	7.105036783442899
365.0	0.04676319988253696	20.687131488055236	13.73147438415508	0.0	16.35724412514051	0.0
366.0	0.1464955356848904	32.2312156554597	5.273865141010935	2.9377378283752598	9.112309061161891	36.16305971723222
367.0	0.010631881246488928	17.82379013671219	0.0	3.267569832456006	21.742575342112378	5.064942328731394
368.0	0.19771207492898119	34.501167136574146	32.94914120848255	0.0	9.04309574129727	11.575830403028064
369.0	0.025060056791788965	21.318081927930105	0.0	2.5455088576559115	24.822065667735586	6.860713782171258
370.0	0.2102205250322889	50.0	0.0	0.0	11.146353069791656	26.651832124917565
371.0	0.09038128877677416	32.77871386102675	40.779509784466086	2.061273018725979	20.092142779400803	2.2380516997047515
372.0	0.06362511980145706	17.822280530452097	8.380601586566133	0.0	10.864400529305227	0.0
373.0	0.13109079573928578	33.40111958552026	17.158561967598047	4.749914046496344	13.323439291035468	31.366869917186275
374.0	0.06322140943040801	23.71834354724065	30.644379434990284	5.575627766743099	4.03512495968576	6.513683737086389
375.0	0.1613620642478595	33.87537820468485	14.374265311020915	0.0	9.576296795042959	29.60977421907337
376.0	0.10057915821395431	18.350100711629004	0.0	6.113163449980943	24.03927654424018	9.107465844408207
377.0	0.04537453038068045	18.88957692054559	2.8890458441558255	2.757249493181839	20.752742076266046	6.2428530631323955
378.0	0.12491942362496933	28.332878757854427	12.523748073631852	3.970642843775239	15.75733440334319	21.78091691265248
379.0	0.09409796349416534	25.199809750392085	22.432922930822585	6.723002713128727	10.701584153284621	12.841498353474568
380.0	0.2830287900930043	17.97108071004153	40.192857218019554	0.0	0.0	0.0
381.0	0.03236051775240279	15.069098290199493	3.677344174083258	5.3555777968786	5.193411192800354	15.83794495640826
382.0	0.27559840670706914	42.82733459280825	0.0	0.0	8.986272981014261	0.0
383.0	0.07231578107091674	24.658966388911484	13.494224031153596	0.0	17.498357930784493	6.434892048732668
384.0	0.7607516683804976	50.0	7.7424025403528915	9.262424060984426	0.0	0.0
385.0	0.14299324944556524	28.44066190712514	11.617144233804106	4.1289826206096425	0.0	32.26500003309955
386.0	0.036716005361911	18.776174769891252	2.833518288567906	6.368381607324989	11.420361332815249	19.63971993453385
387.0	0.17391824521816773	50.0	0.027573696080708764	0.0	41.320233929470994	8.652177907629477
388.0	0.049433033508017164	20.214812531515644	0.0	0.0	23.585571386138092	4.250908596928277
389.0	0.2098014329022009	36.12537049298392	50.0	0.012565188810673122	13.862019424632482	0.0
390.0	0.24546921113274106	40.86441241440557	18.819107303156553	1.4989959379368178	7.3988438803636996	31.418619981638066
391.0	0.25196108689290736	50.0	4.892495631212928	4.068377946676517	4.709091300576095	24.421127290906917
392.0	0.04080073285519357	32.830766073359015	0.0	4.576014168707922	42.67838113705019	19.914796709044687
393.0	0.09798071208104848	34.08892340901993	25.94308071511406	1.2735538517844671	23.518981187052393	15.175457387372038
394.0	0.09728113549009218	26.81645316378526	27.518687750780984	7.539163909115375	3.765706392788412	19.028262254426803
395.0	0.03798744227786883	5.210072700922521	2.748753020918612	2.415792684372999	3.9875768552242152	0.0
396.0	0.026716823224882502	9.161544178776447	0.0	3.7266834601405523	0.0	14.5798155414975
397.0	0.03168235847115876	20.817689763304557	8.155405169730708	3.0240773862797212	14.57107709296511	9.124981686942453
398.0	0.039233130252555794	14.634746203908813	0.0	5.410010857781895	8.274556252258382	15.84630700717733
399.0	0.02824335604988241	28.947336529668863	0.0	3.670805170044614	36.58355798673318	14.81731643448987
400.0	0.13385574481064735	26.43751486768356	30.99029172819698	0.0	4.710764386878119	0.0
401.0	0.07956848697204083	26.018572905663866	0.0	2.912172437370036	31.55633952312041	11.962188367161259
402.0	0.04605590413862374	31.674658793760877	0.0	3.433542157504784	38.90718589709674	17.621622232420606
403.0	0.13199695928830674	21.63192300817671	0.0	1.976292861432479	38.50961883267421	0.0
404.0	0.018125738157458077	13.594835682458736	13.097842833308372	4.024696971935446	7.587332608982359	0.0
405.0	0.06509317520522469	30.427232634654175	3.444359481389806	2.728625081093646	38.613288317895424	13.289565671237812
406.0	0.06878247012123212	31.79896027364883	9.729232632155767	0.0	32.790258657718134	9.422416292487748
407.0	0.09661901610642205	25.62268152626961	0.0	4.177183314586665	23.428085106781577	13.906631585625119
408.0	0.28176451978236555	27.988197580948658	0.0	6.106743883049088	37.67406284212331	17.977007300526374
409.0	0.01918943874801386	15.244764266759079	17.87866551332269	5.561987720423496	2.7478099321053824	4.663621409976604
410.0	0.11514326990128035	27.788837103841985	4.163910860550373	2.338448635614815	11.084618858959121	25.324237200580026
411.0	0.2336922318122001	36.05186048705614	6.832779544555684	0.3921648114302734	2.9997403073223072	48.79841670678448
412.0	0.09479457342643262	20.40080579268007	20.419353081238132	2.6749988153233453	14.170295339021187	0.0
413.0	0.11941188447675088	34.972477659607364	0.0	4.489211676662615	12.374753864484289	48.16352263045335
414.0	0.17565046137572832	32.48668722524256	50.0	8.353102279073076	9.160202770867537	0.0
415.0	0.16815035992895522	43.40783672461596	4.903105969038596	0.41993694284089833	45.0903826856523	4.985181057392957
416.0	0.04908807756658595	30.11242182014002	0.0	2.1134971256832764	35.21933978227892	14.355993979215858
417.0	0.003509753525188596	13.95017963666308	9.540350468106602	5.176599736373002	5.993911071261259	8.029401420863232
418.0	0.04356007731295885	29.56610975936452	6.221362126325161	3.1624878302388972	26.75294555328522	17.374039366342373
419.0	0.0819200315480681	27.849118483609207	11.699640819367735	6.023264254762573	9.480936801431849	28.770952001031887
420.0	0.10039778105724823	35.91988978337964	0.0	2.5294591348246853	42.64298432187668	18.90764908848664
421.0	0.015321412448941476	17.461305429101422	7.45279008373681	5.2597186623743255	10.347960913212614	11.4771213358754
422.0	0.11060512015046396	34.38821052567171	24.938490464566396	5.827386235944571	18.888025198660134	15.95785478569057
423.0	0.058942594949518604	26.749433310677848	43.855467212102525	5.101081059836293	5.476259920687392	0.0
424.0	0.22905507276180692	44.447524361494175	5.198601380788007	0.0	19.075168851178024	7.341397978546052
425.0	0.10256221055817653	21.83506164550428	38.001313058759614	6.500796933288824	4.514967328818378	0.0
426.0	0.17757280824563956	33.346019727398186	42.69742354577125	6.462349969582671	5.4204903212926405	12.07365056101421
427.0	0.11438844596783242	26.930926193142557	40.67124047415857	0.657986050764978	6.632162389817777	0.0
428.0	0.04775819363040586	23.70527646149212	8.583186992216628	2.663316379387533	20.345791158065435	9.330412613244151
429.0	0.08878566992276836	33.03246891791393	45.976818551613405	3.1905908390934554	17.80011249945719	0.0
430.0	0.1951899972881596	27.556770899846363	50.0	2.780394633555895	5.811874426819763	0.0
431.0	0.021442885922096862	13.011982937011465	19.506897623105935	2.767726536843374	0.0	0.0
432.0	0.032432957917967034	16.200181317874524	4.938704397326533	6.232544360180553	10.297105495693398	15.105272120986905
433.0	0.12152570866540391	33.741985921034335	6.180440195433169	0.0	43.97248205076747	3.888832248185496
434.0	0.0345894494140577	10.539410733697073	11.37790799186195	6.31436455263584	0.0	9.526095004963514
435.0	0.16861858797835116	25.375753685686497	4.8292339692161965	6.517372640195997	13.040580393065412	29.087309461240956
436.0	0.09108557054141127	26.1526441184629	11.678328371594217	5.1850035750875625	4.801885246928249	24.870795004083565
437.0	0.0451780606680042	12.960795044495555	13.378613167574258	6.458086910487526	4.253701076544682	7.032195684636062
438.0	0.11580883269304867	11.018612487023267	5.9658445940303215	5.934263710746164	0.0	17.571505238819356
439.0	4.157471588193072	0.0	50.0	50.0	0.0	0.0
440.0	0.20102232737807396	29.335447965399545	46.24169225915552	6.212151651292566	0.0	0.0
441.0	0.15763292554754102	37.63560364032331	9.936725490087989	2.6545796233171357	29.80707955474913	19.965990185903973
442.0	0.06624524460164335	24.524335124074383	0.0	0.0	32.09181705320734	0.0
443.0	0.1323472912556146	31.413909338686956	18.417813721880965	5.465617499013564	6.504815385619297	30.770826712116083
444.0	0.07311777946326674	27.745743241825796	8.415800696524723	1.4910756116219435	26.596845285460958	13.136628976290286
445.0	0.07286267373272516	29.97191017726001	18.65001102119082	6.557279130722913	11.917934784245723	23.93755588368525
446.0	0.1838649148899827	31.92992977333708	43.76087870743305	5.399787195560633	0.0	18.909396647026522
447.0	0.010794290450897892	11.439479198741894	8.474943421221978	3.725636259830891	0.0	9.189016758956678
448.0	0.09306415577270996	19.252832504659963	7.176380783651103	5.839040325036144	0.0	21.115806413821804
449.0	0.08692626402332736	22.23233740751069	7.128145930973874	4.936975981735591	0.0	29.414163093091236
450.0	0.020123464771552822	14.968976932615831	8.362509372858277	4.499884902391151	7.47177007100508	7.291788030109949
451.0	0.06419332338806749	31.939670009356924	17.34337301223308	8.801805259353054	17.057607501731706	24.85753780869269
452.0	0.06596237903286627	30.04123988222255	16.896467641744074	8.12878328628987	15.485384866102626	18.935812862396602
453.0	0.07536898829620779	33.42028930112517	0.5330576384846963	2.4253298656025213	34.24759964237612	23.58839273158408
454.0	0.06513024260499561	30.06219402461022	16.339906371584423	11.307494880965692	0.0	42.29040366302021
455.0	0.12997662365578702	27.84117111583436	14.863312696606664	9.78542139703197	11.933447892686182	24.284718305777826
456.0	0.13933538220226127	26.11137237615977	14.595422276120757	0.0	0.0	25.966584935273673
457.0	0.04114302553271057	30.764096870911143	43.10401756078075	6.146656978609531	12.004208711743894	0.0
458.0	0.2564420924766347	35.84978030620793	6.880205078851557	8.123964847271107	0.0	49.14604303771652
459.0	0.4738326805354992	25.675584372814125	13.845734683398717	15.963862863073878	0.0	44.51481385062966
460.0	0.6450033699790955	0.0	24.706102396685502	0.0	0.0	0.0
461.0	0.032426951860320734	11.056273002712674	0.0	3.683785922792017	13.590570926414088	3.914742947187769
462.0	0.03951433693268822	15.991231148250101	0.0	3.4018633991757636	21.616132084347868	0.0
463.0	0.2216043778012771	30.870353625570207	15.907314055741004	8.18252395858541	6.558348667494434	38.48144018392353
464.0	0.2469246497912368	34.865565749312324	17.129767801844622	4.614302236169955	0.0	43.39034141522233
465.0	0.11099373129220595	28.72859112642828	35.4615827120724	5.125728101283005	4.561611585922988	12.399074622052263
466.0	0.13283422190773223	29.333864204543662	12.18255178694384	8.511880950598776	0.0	40.73831437532423
467.0	0.012681370577826825	13.21597801390144	8.880627784947198	4.814397685264199	3.260328057721684	9.09507102138156
468.0	0.26943270241869877	34.79307429630899	0.0	0.0	0.0	4.934721044127941
469.0	0.2232745878021347	50.0	7.099204370603732	0.0	28.32886174370191	0.0
470.0	0.04881743220875473	12.769267386722099	17.673163825824833	5.454749609252899	0.0	0.0
471.0	0.1319275768524788	32.795220559187385	0.06292127585629803	4.295650789639577	31.333978582460503	20.401338113775203
472.0	0.07241582018831413	14.232119647935953	0.0	0.0	0.0	19.23679512796065
473.0	0.09681960860928825	21.465197943964277	25.901163683889862	8.05375423438212	7.21841852592818	5.280615994762041
474.0	0.09393379290768819	32.40846977766583	20.711649360752514	5.849217373948278	18.80940932653922	22.221245849861685
475.0	0.07662842701892014	19.349534949323115	20.728224862147552	0.0	4.503224932993058	0.0
476.0	0.24079412666618227	44.07087974739041	27.945237069508075	0.1087486382718089	16.26717136604806	11.607943140594362
477.0	0.037726498573445	19.75782198766289	7.029510108665286	0.0	18.09283284070198	0.0
478.0	0.05558819770191123	27.569862751473902	2.369693150177292	3.9270779549389325	25.09410797471075	19.819170435861714
479.0	0.09801602809036453	30.565146715942284	23.539644271422212	10.12751612681227	0.0	35.767623311561906
480.0	0.09861104912159324	34.631024625359586	2.5994403154989554	6.057853415261423	23.765271975451473	32.94639901661726
481.0	0.07390169675624422	29.694684259876624	0.0	2.4803826086746907	39.80828867502018	13.137664622513837
482.0	0.013716557416277059	16.112551296986606	11.274126237004287	5.301713141781908	5.3593058234679125	10.104779471023607
483.0	0.06997813076096586	33.392607164644296	5.656918904778464	4.306775566856329	31.446103986400132	25.19757649232247
484.0	0.037906084402901837	25.900116915144757	0.0	4.925624116487396	19.325728435855364	21.317250181941994
485.0	0.1917383518720737	35.47203992873447	17.028253165682923	7.753370464917752	16.28703705044345	23.459235742364466
486.0	0.2197793873785172	29.653512484040082	24.654414786593335	10.09032288838962	14.375503218351588	21.226200721850223
487.0	0.19012052704986224	39.00317305281256	0.6137630528360027	0.32915654120663773	9.762891736148172	46.58140132568597
488.0	0.03783720052929433	28.22231277746967	10.03112440899521	6.829646248651065	20.521541286480495	18.967456836238576
489.0	0.04510750180398055	28.97714672053161	14.956923226800583	5.175116848027734	19.22160261963604	14.939441683891006
490.0	0.2626505592716062	45.8213309604701	12.731797163006961	0.0	0.0	23.44293562050732
491.0	0.2665217622653666	50.0	17.755227190665348	0.0	6.675841031620141	8.67624080998908
492.0	0.23101691833212637	31.77285856654704	7.789238637786861	0.41605137330496533	36.88451771908273	21.641432059521332
493.0	0.21043267361433096	50.0	8.140842067404135	0.0	18.494891868206263	23.36423771760186
494.0	0.026227214228600155	19.062083820295797	7.581626461819143	5.858738007240535	14.516594368168407	10.798276556492032
495.0	0.1820954369646286	42.829741551413576	0.0	0.0	42.6584258294257	0.0
496.0	0.020516856394851866	26.00347803586652	9.653190901382112	5.835228323204108	18.213759206812302	15.112295557138639
497.0	0.13113577802398063	31.28125868640741	0.0	4.986235972756322	5.787922296238254	43.679790811450765
498.0	0.15968539618945252	31.763431303508487	0.0	3.9183662810096593	11.898471162540666	29.44730908458904
499.0	0.1005726976201544	21.806849681117455	16.73109443874536	2.308460147875282	0.0	17.191008309041436
500.0	0.04595970698893798	27.884937629335838	6.928702624044752	4.805081057825789	22.125741019104076	15.591031002349668
501.0	0.022332290411028737	16.098101582826946	4.190717095431549	6.7674466235861175	6.260689119412711	20.01390792926004
502.0	0.0649925424181118	19.954018555072896	28.465954551693677	4.667033184724224	0.0	4.234079043091004
503.0	0.43584380227102004	50.0	0.0	7.755078439081345	15.87363368984202	9.33259680921619
504.0	0.20466891532138512	42.9625649213601	0.0	0.0	18.86494855402137	17.178499930002456
505.0	0.2415464589722396	36.20981502642951	5.379204829670112	0.0	5.353493008695236	9.234790524942863
506.0	0.09465557064779728	32.86967041281176	41.41189302224682	6.296327030444101	16.59513946179185	2.8269680932258954
507.0	3.680948247887534	49.265969622055	6.511318862144551	35.41620835239128	1.7732957474060824	6.957283874456963
508.0	0.6315197856345107	50.0	0.0	15.221548548070619	0.0	34.77844154293931
509.0	0.294403274690334	50.0	7.847279012205473	0.0	0.0	42.15269416869621
510.0	0.07785724450795457	27.701241668179126	15.840532025590688	4.8778938226118305	14.82812586084797	11.46188678755019
